0 25.152382
1 25.304764
2 25.457146
3 25.609528
4 25.761909
5 25.914291
6 26.066673
7 26.208261
8 26.349850
9 26.491438
10 26.633026
11 26.774614
12 26.916203
13 27.057791
14 27.188585
15 27.319380
16 27.450174
17 27.580969
18 27.711763
19 27.842558
20 27.973352
21 28.104147
22 28.224148
23 28.344149
24 28.464149
25 28.584150
26 28.704151
27 28.824152
28 28.944153
29 29.064154
30 29.173361
31 29.282568
32 29.391775
33 29.500982
34 29.610189
35 29.719397
36 29.828604
37 29.937811
38 30.047018
39 30.145432
40 30.243845
41 30.342258
42 30.440672
43 30.539085
44 30.637499
45 30.735912
46 30.834326
47 30.932739
48 31.031153
49 31.118773
50 31.206392
51 31.294012
52 31.381632
53 31.469252
54 31.556871
55 31.644491
56 31.732111
57 31.819731
58 31.907351
59 31.994970
60 32.082588
61 32.159412
62 32.236237
63 32.313061
64 32.389885
65 32.466709
66 32.543533
67 32.620358
68 32.697182
69 32.774006
70 32.850830
71 32.927654
72 33.004478
73 33.070511
74 33.136543
75 33.202576
76 33.268608
77 33.334641
78 33.400673
79 33.466705
80 33.532738
81 33.598770
82 33.664803
83 33.730835
84 33.796867
85 33.862900
86 33.928932
87 33.994965
88 34.060997
89 34.116234
90 34.171471
91 34.226707
92 34.281944
93 34.337181
94 34.392418
95 34.447655
96 34.502892
97 34.558128
98 34.613365
99 34.668602
100 34.723839
101 34.779076
102 34.834312
103 34.889549
104 34.944786
105 35.000023
106 35.044468
107 35.088913
108 35.133358
109 35.177803
110 35.222248
111 35.266693
112 35.311138
113 35.355583
114 35.400028
115 35.444473
116 35.488918
117 35.533363
118 35.577808
119 35.622253
120 35.666698
121 35.711143
122 35.755589
123 35.800034
124 35.844479
125 35.888924
126 35.933369
127 35.977814
128 36.022259
129 36.055908
130 36.089558
131 36.123207
132 36.156857
133 36.190506
134 36.224155
135 36.257805
136 36.291454
137 36.325104
138 36.358753
139 36.392403
140 36.426052
141 36.459702
142 36.493351
143 36.527000
144 36.560650
145 36.594299
146 36.627949
147 36.661598
148 36.695248
149 36.728897
150 36.762547
151 36.796196
152 36.829845
153 36.863495
154 36.897144
155 36.930794
156 36.964443
157 36.998093
158 37.031742
159 37.054600
160 37.077457
161 37.100315
162 37.123173
163 37.146030
164 37.168888
165 37.191746
166 37.214603
167 37.237461
168 37.260319
169 37.283176
170 37.306034
171 37.328892
172 37.351749
173 37.374607
174 37.397465
175 37.420322
176 37.443180
177 37.466038
178 37.488895
179 37.511753
180 37.534611
181 37.557468
182 37.580326
183 37.603184
184 37.626041
185 37.648899
186 37.671757
187 37.694614
188 37.717472
189 37.740330
190 37.763187
191 37.786045
192 37.808903
193 37.831760
194 37.854618
195 37.877476
196 37.900333
197 37.923191
198 37.946049
199 37.968906
200 37.991764
201 38.014622
202 38.026684
203 38.038746
204 38.050808
205 38.062870
206 38.074932
207 38.086994
208 38.099056
209 38.111118
210 38.123180
211 38.135242
212 38.147305
213 38.159367
214 38.171429
215 38.183491
216 38.195553
217 38.207615
218 38.219677
219 38.231739
220 38.243801
221 38.255863
222 38.267925
223 38.279987
224 38.292049
225 38.304111
226 38.316174
227 38.328236
228 38.340298
229 38.352360
230 38.364422
231 38.376484
232 38.388546
233 38.400608
234 38.412670
235 38.424732
236 38.436794
237 38.448856
238 38.460918
239 38.472980
240 38.485043
241 38.497105
242 38.509167
243 38.521229
244 38.533291
245 38.545353
246 38.557415
247 38.569477
248 38.581539
249 38.593601
250 38.605663
251 38.617725
252 38.629787
253 38.641850
254 38.653912
255 38.665974
256 38.678036
257 38.690098
258 38.702160
259 38.714222
260 38.726284
261 38.738346
262 38.750408
263 38.762470
264 38.774532
265 38.786594
266 38.798656
267 38.810719
268 38.822781
269 38.834843
270 38.846905
271 38.858967
272 38.871029
273 38.883091
274 38.895153
275 38.907215
276 38.919277
277 38.931339
278 38.943401
279 38.955463
280 38.967525
281 38.979588
282 38.991650
283 39.003712
284 39.004982
285 39.006252
286 39.007523
287 39.008793
288 39.010063
289 39.011333
290 39.012604
291 39.013874
292 39.015144
293 39.016415
294 39.017685
295 39.018955
296 39.020226
297 39.021496
298 39.022766
299 39.024036
300 39.025307
301 39.026577
302 39.027847
303 39.029118
304 39.030388
305 39.031658
306 39.032928
307 39.034199
308 39.035469
309 39.036739
310 39.038010
311 39.039280
312 39.040550
313 39.041821
314 39.043091
315 39.044361
316 39.045631
317 39.046902
318 39.048172
319 39.049442
320 39.050713
321 39.051983
322 39.053253
323 39.054523
324 39.055794
325 39.057064
326 39.058334
327 39.059605
328 39.060875
329 39.062145
330 39.063416
331 39.064686
332 39.065956
333 39.067226
334 39.068497
335 39.069767
336 39.071037
337 39.072308
338 39.073578
339 39.074848
340 39.076118
341 39.077389
342 39.078659
343 39.079929
344 39.081200
345 39.082470
346 39.083740
347 39.085011
348 39.086281
349 39.087551
350 39.088821
351 39.090092
352 39.091362
353 39.092632
354 39.093903
355 39.095173
356 39.096443
357 39.097713
358 39.098984
359 39.100254
360 39.101524
361 39.102795
362 39.104065
363 39.105335
364 39.106606
365 39.107876
366 39.109146
367 39.110416
368 39.111687
369 39.112957
370 39.114227
371 39.115498
372 39.116768
373 39.118038
374 39.119308
375 39.120579
376 39.121849
377 39.123119
378 39.124390
379 39.125660
380 39.126930
381 39.128201
382 39.129471
383 39.130741
384 39.132011
385 39.133282
386 39.134552
387 39.135822
388 39.137093
389 39.138363
390 39.139633
391 39.140903
392 39.142174
393 39.143444
394 39.144714
395 39.145985
396 39.147255
397 39.148525
398 39.149796
399 39.151066
400 39.152336
401 39.153606
402 39.154877
403 39.156147
404 39.157417
405 39.158688
406 39.159958
407 39.161228
408 39.162498
409 39.163769
410 39.165039
411 39.166309
412 39.167580
413 39.168850
414 39.170120
415 39.171391
416 39.172661
417 39.173931
418 39.175201
419 39.176472
420 39.177742
421 39.179012
422 39.180283
423 39.181553
424 39.182823
425 39.184093
426 39.185364
427 39.186634
428 39.187904
429 39.189175
430 39.190445
431 39.191715
432 39.192986
433 39.194256
434 39.195526
435 39.196796
436 39.198067
437 39.199337
438 39.200607
439 39.201878
440 39.203148
441 39.204418
442 39.205688
443 39.206959
444 39.208229
445 39.209499
446 39.210770
447 39.212040
448 39.213310
449 39.214581
450 39.215851
451 39.217121
452 39.218391
453 39.219662
454 39.220932
455 39.222202
456 39.223473
457 39.224743
458 39.226013
459 39.227283
460 39.228554
461 39.229824
462 39.231094
463 39.232365
464 39.233635
465 39.234905
466 39.236176
467 39.237446
468 39.238716
469 39.239986
470 39.241257
471 39.242527
472 39.243797
473 39.245068
474 39.246338
475 39.247608
476 39.248878
477 39.250149
478 39.251419
479 39.252689
480 39.253960
481 39.255230
482 39.256500
483 39.257771
484 39.259041
485 39.260311
486 39.261581
487 39.262852
488 39.264122
489 39.265392
490 39.266663
491 39.267933
492 39.269203
493 39.270473
494 39.271744
495 39.273014
496 39.274284
497 39.275555
498 39.276825
499 39.278095
500 39.279366
501 39.280636
502 39.281906
503 39.283176
504 39.284447
505 39.285717
506 39.286987
507 39.288258
508 39.289528
509 39.290798
510 39.292068
511 39.293339
512 39.294609
513 39.295879
514 39.297150
515 39.298420
516 39.299690
517 39.300961
518 39.302231
519 39.303501
520 39.304771
521 39.306042
522 39.307312
523 39.308582
524 39.309853
525 39.311123
526 39.312393
527 39.313663
528 39.314934
529 39.316204
530 39.317474
531 39.318745
532 39.320015
533 39.321285
534 39.322556
535 39.323826
536 39.325096
537 39.326366
538 39.327637
539 39.328907
540 39.330177
541 39.331448
542 39.332718
543 39.333988
544 39.335258
545 39.336529
546 39.337799
547 39.339069
548 39.340340
549 39.341610
550 39.342880
551 39.344151
552 39.345421
553 39.346691
554 39.347961
555 39.349232
556 39.350502
557 39.351772
558 39.353043
559 39.354313
560 39.355583
561 39.356853
562 39.358124
563 39.359394
564 39.360664
565 39.361935
566 39.363205
567 39.364475
568 39.365746
569 39.367016
570 39.368286
571 39.369556
572 39.370827
573 39.372097
574 39.373367
575 39.374638
576 39.375908
577 39.377178
578 39.378448
579 39.379719
580 39.380989
581 39.382259
582 39.383530
583 39.384800
584 39.386070
585 39.387341
586 39.388611
587 39.389881
588 39.391151
589 39.392422
590 39.393692
591 39.394962
592 39.396233
593 39.397503
594 39.398773
595 39.400043
596 39.401314
597 39.402584
598 39.403854
599 39.405125
600 39.406395
601 39.407665
602 39.408936
603 39.410206
604 39.411476
605 39.412746
606 39.414017
607 39.415287
608 39.416557
609 39.417828
610 39.419098
611 39.420368
612 39.421638
613 39.422909
614 39.424179
615 39.425449
616 39.426720
617 39.427990
618 39.429260
619 39.430531
620 39.431801
621 39.433071
622 39.434341
623 39.435612
624 39.436882
625 39.438152
626 39.439423
627 39.440693
628 39.441963
629 39.443233
630 39.444504
631 39.445774
632 39.447044
633 39.448315
634 39.449585
635 39.450855
636 39.452126
637 39.453396
638 39.454666
639 39.455936
640 39.457207
641 39.458477
642 39.459747
643 39.461018
644 39.462288
645 39.463558
646 39.464828
647 39.466099
648 39.467369
649 39.468639
650 39.469910
651 39.471180
652 39.472450
653 39.473721
654 39.474991
655 39.476261
656 39.477531
657 39.478802
658 39.480072
659 39.481342
660 39.482613
661 39.483883
662 39.485153
663 39.486423
664 39.487694
665 39.488964
666 39.490234
667 39.491505
668 39.492775
669 39.494045
670 39.495316
671 39.496586
672 39.497856
673 39.499126
674 39.500397
675 39.501667
676 39.502937
677 39.504208
678 39.505478
679 39.506748
680 39.508018
681 39.509289
682 39.510559
683 39.511829
684 39.513100
685 39.514370
686 39.515640
687 39.516911
688 39.518181
689 39.519451
690 39.520721
691 39.521992
692 39.523262
693 39.524532
694 39.525803
695 39.527073
696 39.528343
697 39.529613
698 39.530884
699 39.532154
700 39.533424
701 39.534695
702 39.535965
703 39.537235
704 39.538506
705 39.539776
706 39.541046
707 39.542316
708 39.543587
709 39.544857
710 39.546127
711 39.547398
712 39.548668
713 39.549938
714 39.551208
715 39.552479
716 39.553749
717 39.555019
718 39.556290
719 39.557560
720 39.558830
721 39.560101
722 39.561371
723 39.562641
724 39.563911
725 39.565182
726 39.566452
727 39.567722
728 39.568993
729 39.570263
730 39.571533
731 39.572803
732 39.574074
733 39.575344
734 39.576614
735 39.577885
736 39.579155
737 39.580425
738 39.581696
739 39.582966
740 39.584236
741 39.585506
742 39.586777
743 39.588047
744 39.589317
745 39.590588
746 39.591858
747 39.593128
748 39.594398
749 39.595669
750 39.596939
751 39.598209
752 39.599480
753 39.600750
754 39.602020
755 39.603291
756 39.604561
757 39.605831
758 39.607101
759 39.608372
760 39.609642
761 39.610912
762 39.612183
763 39.613453
764 39.614723
765 39.615993
766 39.617264
767 39.618534
768 39.619804
769 39.621075
770 39.622345
771 39.623615
772 39.624886
773 39.626156
774 39.627426
775 39.628696
776 39.629967
777 39.631237
778 39.632507
779 39.633778
780 39.635048
781 39.636318
782 39.637589
783 39.638859
784 39.640129
785 39.641399
786 39.642670
787 39.643940
788 39.645210
789 39.646481
790 39.647751
791 39.649021
792 39.650291
793 39.651562
794 39.652832
795 39.654102
796 39.655373
797 39.656643
798 39.657913
799 39.659184
800 39.660454
801 39.661724
802 39.662994
803 39.664265
804 39.665535
805 39.666805
806 39.668076
807 39.669346
808 39.670616
809 39.671886
810 39.673157
811 39.674427
812 39.675697
813 39.676968
814 39.678238
815 39.679508
816 39.680779
817 39.682049
818 39.683319
819 39.684589
820 39.685860
821 39.687130
822 39.688400
823 39.689671
824 39.690941
825 39.692211
826 39.693481
827 39.694752
828 39.696022
829 39.697292
830 39.698563
831 39.699833
832 39.701103
833 39.702374
834 39.703644
835 39.704914
836 39.706184
837 39.707455
838 39.708725
839 39.709995
840 39.711266
841 39.712536
842 39.713806
843 39.715076
844 39.716347
845 39.717617
846 39.718887
847 39.720158
848 39.721428
849 39.722698
850 39.723969
851 39.725239
852 39.726509
853 39.727779
854 39.729050
855 39.730320
856 39.731590
857 39.732861
858 39.734131
859 39.735401
860 39.736671
861 39.737942
862 39.739212
863 39.740482
864 39.741753
865 39.743023
866 39.744293
867 39.745564
868 39.746834
869 39.748104
870 39.749374
871 39.750645
872 39.751915
873 39.753185
874 39.754456
875 39.755726
876 39.756996
877 39.758266
878 39.759537
879 39.760807
880 39.762077
881 39.763348
882 39.764618
883 39.765888
884 39.767159
885 39.768429
886 39.769699
887 39.770969
888 39.772240
889 39.773510
890 39.774780
891 39.776051
892 39.777321
893 39.778591
894 39.779861
895 39.781132
896 39.782402
897 39.783672
898 39.784943
899 39.786213
900 39.787483
901 39.788754
902 39.790024
903 39.791294
904 39.792564
905 39.793835
906 39.795105
907 39.796375
908 39.797646
909 39.798916
910 39.800186
911 39.801456
912 39.802727
913 39.803997
914 39.805267
915 39.806538
916 39.807808
917 39.809078
918 39.810349
919 39.811619
920 39.812889
921 39.814159
922 39.815430
923 39.816700
924 39.817970
925 39.819241
926 39.820511
927 39.821781
928 39.823051
929 39.824322
930 39.825592
931 39.826862
932 39.828133
933 39.829403
934 39.830673
935 39.831944
936 39.833214
937 39.834484
938 39.835754
939 39.837025
940 39.838295
941 39.839565
942 39.840836
943 39.842106
944 39.843376
945 39.844646
946 39.845917
947 39.847187
948 39.848457
949 39.849728
950 39.850998
951 39.852268
952 39.853539
953 39.854809
954 39.856079
955 39.857349
956 39.858620
957 39.859890
958 39.861160
959 39.862431
960 39.863701
961 39.864971
962 39.866241
963 39.867512
964 39.868782
965 39.870052
966 39.871323
967 39.872593
968 39.873863
969 39.875134
970 39.876404
971 39.877674
972 39.878944
973 39.880215
974 39.881485
975 39.882755
976 39.884026
977 39.885296
978 39.886566
979 39.887836
980 39.889107
981 39.890377
982 39.891647
983 39.892918
984 39.894188
985 39.895458
986 39.896729
987 39.897999
988 39.899269
989 39.900539
990 39.901810
991 39.903080
992 39.904350
993 39.905621
994 39.906891
995 39.908161
996 39.909431
997 39.910702
998 39.911972
999 39.913242
1000 39.914513
1001 39.915783
1002 39.917053
1003 39.918324
1004 39.919594
1005 39.920864
1006 39.922134
1007 39.923405
1008 39.924675
1009 39.925945
1010 39.927216
1011 39.928486
1012 39.929756
1013 39.931026
1014 39.932297
1015 39.933567
1016 39.934837
1017 39.936108
1018 39.937378
1019 39.938648
1020 39.939919
1021 39.941189
1022 39.942459
1023 39.943729
1024 39.945000
1025 39.946270
1026 39.947540
1027 39.948811
1028 39.950081
1029 39.951351
1030 39.952621
1031 39.953892
1032 39.955162
1033 39.956432
1034 39.957703
1035 39.958973
1036 39.960243
1037 39.961514
1038 39.962784
1039 39.964054
1040 39.965324
1041 39.966595
1042 39.967865
1043 39.969135
1044 39.970406
1045 39.971676
1046 39.972946
1047 39.974216
1048 39.975487
1049 39.976757
1050 39.978027
1051 39.979298
1052 39.980568
1053 39.981838
1054 39.983109
1055 39.984379
1056 39.985649
1057 39.986919
1058 39.988190
1059 39.989460
1060 39.990730
1061 39.992001
1062 39.993271
1063 39.994541
1064 39.995811
1065 39.997082
1066 39.998352
1067 39.999622
1068 40.000893
1069 39.991367
1070 39.992638
1071 39.993908
1072 39.995178
1073 39.996449
1074 39.997719
1075 39.998989
1076 40.000259
1077 39.990734
1078 39.992004
1079 39.993275
1080 39.994545
1081 39.995815
1082 39.997086
1083 39.998356
1084 39.999626
1085 40.000896
1086 39.991371
1087 39.992641
1088 39.993912
1089 39.995182
1090 39.996452
1091 39.997723
1092 39.998993
1093 40.000263
1094 39.990738
1095 39.992008
1096 39.993279
1097 39.994549
1098 39.995819
1099 39.997089
1100 39.998360
1101 39.999630
1102 40.000900
1103 39.991375
1104 39.992645
1105 39.993916
1106 39.995186
1107 39.996456
1108 39.997726
1109 39.998997
1110 40.000267
1111 39.990742
1112 39.992012
1113 39.993282
1114 39.994553
1115 39.995823
1116 39.997093
1117 39.998363
1118 39.999634
1119 40.000904
1120 39.991379
1121 39.992649
1122 39.993919
1123 39.995190
1124 39.996460
1125 39.997730
1126 39.999001
1127 40.000271
1128 39.990746
1129 39.992016
1130 39.993286
1131 39.994556
1132 39.995827
1133 39.997097
1134 39.998367
1135 39.999638
1136 40.000908
1137 39.991383
1138 39.992653
1139 39.993923
1140 39.995193
1141 39.996464
1142 39.997734
1143 39.999004
1144 40.000275
1145 39.990749
1146 39.992020
1147 39.993290
1148 39.994560
1149 39.995831
1150 39.997101
1151 39.998371
1152 39.999641
1153 40.000912
1154 39.991386
1155 39.992657
1156 39.993927
1157 39.995197
1158 39.996468
1159 39.997738
1160 39.999008
1161 40.000278
1162 39.990753
1163 39.992023
1164 39.993294
1165 39.994564
1166 39.995834
1167 39.997105
1168 39.998375
1169 39.999645
1170 40.000916
1171 39.991390
1172 39.992661
1173 39.993931
1174 39.995201
1175 39.996471
1176 39.997742
1177 39.999012
1178 40.000282
1179 39.990757
1180 39.992027
1181 39.993298
1182 39.994568
1183 39.995838
1184 39.997108
1185 39.998379
1186 39.999649
1187 40.000919
1188 39.991394
1189 39.992664
1190 39.993935
1191 39.995205
1192 39.996475
1193 39.997746
1194 39.999016
1195 40.000286
1196 39.990761
1197 39.992031
1198 39.993301
1199 39.994572
1200 39.995842
1201 39.997112
1202 39.998383
1203 39.999653
1204 40.000923
1205 39.991398
1206 39.992668
1207 39.993938
1208 39.995209
1209 39.996479
1210 39.997749
1211 39.999020
1212 40.000290
1213 39.990765
1214 39.992035
1215 39.993305
1216 39.994576
1217 39.995846
1218 39.997116
1219 39.998386
1220 39.999657
1221 40.000927
1222 39.991402
1223 39.992672
1224 39.993942
1225 39.995213
1226 39.996483
1227 39.997753
1228 39.999023
1229 40.000294
1230 39.990768
1231 39.992039
1232 39.993309
1233 39.994579
1234 39.995850
1235 39.997120
1236 39.998390
1237 39.999660
1238 40.000931
1239 39.991405
1240 39.992676
1241 39.993946
1242 39.995216
1243 39.996487
1244 39.997757
1245 39.999027
1246 40.000298
1247 39.990772
1248 39.992043
1249 39.993313
1250 39.994583
1251 39.995853
1252 39.997124
1253 39.998394
1254 39.999664
1255 40.000935
1256 39.991409
1257 39.992680
1258 39.993950
1259 39.995220
1260 39.996490
1261 39.997761
1262 39.999031
1263 40.000301
1264 39.990776
1265 39.992046
1266 39.993317
1267 39.994587
1268 39.995857
1269 39.997128
1270 39.998398
1271 39.999668
1272 40.000938
1273 39.991413
1274 39.992683
1275 39.993954
1276 39.995224
1277 39.996494
1278 39.997765
1279 39.999035
1280 40.000305
1281 39.990780
1282 39.992050
1283 39.993320
1284 39.994591
1285 39.995861
1286 39.997131
1287 39.998402
1288 39.999672
1289 40.000942
1290 39.991417
1291 39.992687
1292 39.993958
1293 39.995228
1294 39.996498
1295 39.997768
1296 39.999039
1297 40.000309
1298 39.990784
1299 39.992054
1300 39.993324
1301 39.994595
1302 39.995865
1303 39.997135
1304 39.998405
1305 39.999676
1306 40.000946
1307 39.991421
1308 39.992691
1309 39.993961
1310 39.995232
1311 39.996502
1312 39.997772
1313 39.999043
1314 40.000313
1315 39.990788
1316 39.992058
1317 39.993328
1318 39.994598
1319 39.995869
1320 39.997139
1321 39.998409
1322 39.999680
1323 40.000950
1324 39.991425
1325 39.992695
1326 39.993965
1327 39.995235
1328 39.996506
1329 39.997776
1330 39.999046
1331 40.000317
1332 39.990791
1333 39.992062
1334 39.993332
1335 39.994602
1336 39.995872
1337 39.997143
1338 39.998413
1339 39.999683
1340 40.000954
1341 39.991428
1342 39.992699
1343 39.993969
1344 39.995239
1345 39.996510
1346 39.997780
1347 39.999050
1348 40.000320
1349 39.990795
1350 39.992065
1351 39.993336
1352 39.994606
1353 39.995876
1354 39.997147
1355 39.998417
1356 39.999687
1357 40.000957
1358 39.991432
1359 39.992702
1360 39.993973
1361 39.995243
1362 39.996513
1363 39.997784
1364 39.999054
1365 40.000324
1366 39.990799
1367 39.992069
1368 39.993340
1369 39.994610
1370 39.995880
1371 39.997150
1372 39.998421
1373 39.999691
1374 40.000961
1375 39.991436
1376 39.992706
1377 39.993977
1378 39.995247
1379 39.996517
1380 39.997787
1381 39.999058
1382 40.000328
1383 39.990803
1384 39.992073
1385 39.993343
1386 39.994614
1387 39.995884
1388 39.997154
1389 39.998425
1390 39.999695
1391 40.000965
1392 39.991440
1393 39.992710
1394 39.993980
1395 39.995251
1396 39.996521
1397 39.997791
1398 39.999062
1399 40.000332
1400 39.990807
1401 39.992077
1402 39.993347
1403 39.994617
1404 39.995888
1405 39.997158
1406 39.998428
1407 39.999699
1408 40.000969
1409 39.991444
1410 39.992714
1411 39.993984
1412 39.995255
1413 39.996525
1414 39.997795
1415 39.999065
1416 40.000336
1417 39.990810
1418 39.992081
1419 39.993351
1420 39.994621
1421 39.995892
1422 39.997162
1423 39.998432
1424 39.999702
1425 40.000973
1426 39.991447
1427 39.992718
1428 39.993988
1429 39.995258
1430 39.996529
1431 39.997799
1432 39.999069
1433 40.000340
1434 39.990814
1435 39.992085
1436 39.993355
1437 39.994625
1438 39.995895
1439 39.997166
1440 39.998436
1441 39.999706
1442 40.000977
1443 39.991451
1444 39.992722
1445 39.993992
1446 39.995262
1447 39.996532
1448 39.997803
1449 39.999073
1450 40.000343
1451 39.990818
1452 39.992088
1453 39.993359
1454 39.994629
1455 39.995899
1456 39.997169
1457 39.998440
1458 39.999710
1459 40.000980
1460 39.991455
1461 39.992725
1462 39.993996
1463 39.995266
1464 39.996536
1465 39.997807
1466 39.999077
1467 40.000347
1468 39.990822
1469 39.992092
1470 39.993362
1471 39.994633
1472 39.995903
1473 39.997173
1474 39.998444
1475 39.999714
1476 40.000984
1477 39.991459
1478 39.992729
1479 39.993999
1480 39.995270
1481 39.996540
1482 39.997810
1483 39.999081
1484 40.000351
1485 39.990826
1486 39.992096
1487 39.993366
1488 39.994637
1489 39.995907
1490 39.997177
1491 39.998447
1492 39.999718
1493 40.000988
1494 39.991463
1495 39.992733
1496 39.994003
1497 39.995274
1498 39.996544
1499 39.997814
1500 39.999084
1501 40.000355
1502 39.990829
1503 39.992100
1504 39.993370
1505 39.994640
1506 39.995911
1507 39.997181
1508 39.998451
1509 39.999722
1510 40.000992
1511 39.991467
1512 39.992737
1513 39.994007
1514 39.995277
1515 39.996548
1516 39.997818
1517 39.999088
1518 40.000359
1519 39.990833
1520 39.992104
1521 39.993374
1522 39.994644
1523 39.995914
1524 39.997185
1525 39.998455
1526 39.999725
1527 40.000996
1528 39.991470
1529 39.992741
1530 39.994011
1531 39.995281
1532 39.996552
1533 39.997822
1534 39.999092
1535 40.000362
1536 39.990837
1537 39.992107
1538 39.993378
1539 39.994648
1540 39.995918
1541 39.997189
1542 39.998459
1543 39.999729
1544 40.000999
1545 39.991474
1546 39.992744
1547 39.994015
1548 39.995285
1549 39.996555
1550 39.997826
1551 39.999096
1552 40.000366
1553 39.990841
1554 39.992111
1555 39.993382
1556 39.994652
1557 39.995922
1558 39.997192
1559 39.998463
1560 39.999733
1561 40.001003
1562 39.991478
1563 39.992748
1564 39.994019
1565 39.995289
1566 39.996559
1567 39.997829
1568 39.999100
1569 40.000370
1570 39.990845
1571 39.992115
1572 39.993385
1573 39.994656
1574 39.995926
1575 39.997196
1576 39.998466
1577 39.999737
1578 40.001007
1579 39.991482
1580 39.992752
1581 39.994022
1582 39.995293
1583 39.996563
1584 39.997833
1585 39.999104
1586 40.000374
1587 39.990849
1588 39.992119
1589 39.993389
1590 39.994659
1591 39.995930
1592 39.997200
1593 39.998470
1594 39.999741
1595 40.001011
1596 39.991486
1597 39.992756
1598 39.994026
1599 39.995296
1600 39.996567
1601 39.997837
1602 39.999107
1603 40.000378
1604 39.990852
1605 39.992123
1606 39.993393
1607 39.994663
1608 39.995934
1609 39.997204
1610 39.998474
1611 39.999744
1612 40.001015
1613 39.991489
1614 39.992760
1615 39.994030
1616 39.995300
1617 39.996571
1618 39.997841
1619 39.999111
1620 40.000381
1621 39.990856
1622 39.992126
1623 39.993397
1624 39.994667
1625 39.995937
1626 39.997208
1627 39.998478
1628 39.999748
1629 40.001019
1630 39.991493
1631 39.992764
1632 39.994034
1633 39.995304
1634 39.996574
1635 39.997845
1636 39.999115
1637 40.000385
1638 39.990860
1639 39.992130
1640 39.993401
1641 39.994671
1642 39.995941
1643 39.997211
1644 39.998482
1645 39.999752
1646 40.001022
1647 39.991497
1648 39.992767
1649 39.994038
1650 39.995308
1651 39.996578
1652 39.997849
1653 39.999119
1654 40.000389
1655 39.990864
1656 39.992134
1657 39.993404
1658 39.994675
1659 39.995945
1660 39.997215
1661 39.998486
1662 39.999756
1663 40.001026
1664 39.991501
1665 39.992771
1666 39.994041
1667 39.995312
1668 39.996582
1669 39.997852
1670 39.999123
1671 40.000393
1672 39.990868
1673 39.992138
1674 39.993408
1675 39.994678
1676 39.995949
1677 39.997219
1678 39.998489
1679 39.999760
1680 40.001030
1681 39.991505
1682 39.992775
1683 39.994045
1684 39.995316
1685 39.996586
1686 39.997856
1687 39.999126
1688 40.000397
1689 39.990871
1690 39.992142
1691 39.993412
1692 39.994682
1693 39.995953
1694 39.997223
1695 39.998493
1696 39.999763
1697 40.001034
1698 39.991508
1699 39.992779
1700 39.994049
1701 39.995319
1702 39.996590
1703 39.997860
1704 39.999130
1705 40.000401
1706 39.990875
1707 39.992146
1708 39.993416
1709 39.994686
1710 39.995956
1711 39.997227
1712 39.998497
1713 39.999767
1714 40.001038
1715 39.991512
1716 39.992783
1717 39.994053
1718 39.995323
1719 39.996593
1720 39.997864
1721 39.999134
1722 40.000404
1723 39.990879
1724 39.992149
1725 39.993420
1726 39.994690
1727 39.995960
1728 39.997231
1729 39.998501
1730 39.999771
1731 40.001041
1732 39.991516
1733 39.992786
1734 39.994057
1735 39.995327
1736 39.996597
1737 39.997868
1738 39.999138
1739 40.000408
1740 39.990883
1741 39.992153
1742 39.993423
1743 39.994694
1744 39.995964
1745 39.997234
1746 39.998505
1747 39.999775
1748 40.001045
1749 39.991520
1750 39.992790
1751 39.994061
1752 39.995331
1753 39.996601
1754 39.997871
1755 39.999142
1756 40.000412
1757 39.990887
1758 39.992157
1759 39.993427
1760 39.994698
1761 39.995968
1762 39.997238
1763 39.998508
1764 39.999779
1765 40.001049
1766 39.991524
1767 39.992794
1768 39.994064
1769 39.995335
1770 39.996605
1771 39.997875
1772 39.999146
1773 40.000416
1774 39.990891
1775 39.992161
1776 39.993431
1777 39.994701
1778 39.995972
1779 39.997242
1780 39.998512
1781 39.999783
1782 40.001053
1783 39.991528
1784 39.992798
1785 39.994068
1786 39.995338
1787 39.996609
1788 39.997879
1789 39.999149
1790 40.000420
1791 39.990894
1792 39.992165
1793 39.993435
1794 39.994705
1795 39.995975
1796 39.997246
1797 39.998516
1798 39.999786
1799 40.001057
1800 39.991531
1801 39.992802
1802 39.994072
1803 39.995342
1804 39.996613
1805 39.997883
1806 39.999153
1807 40.000423
1808 39.990898
1809 39.992168
1810 39.993439
1811 39.994709
1812 39.995979
1813 39.997250
1814 39.998520
1815 39.999790
1816 40.001060
1817 39.991535
1818 39.992805
1819 39.994076
1820 39.995346
1821 39.996616
1822 39.997887
1823 39.999157
1824 40.000427
1825 39.990902
1826 39.992172
1827 39.993443
1828 39.994713
1829 39.995983
1830 39.997253
1831 39.998524
1832 39.999794
1833 40.001064
1834 39.991539
1835 39.992809
1836 39.994080
1837 39.995350
1838 39.996620
1839 39.997890
1840 39.999161
1841 40.000431
1842 39.990906
1843 39.992176
1844 39.993446
1845 39.994717
1846 39.995987
1847 39.997257
1848 39.998528
1849 39.999798
1850 40.001068
1851 39.991543
1852 39.992813
1853 39.994083
1854 39.995354
1855 39.996624
1856 39.997894
1857 39.999165
1858 40.000435
1859 39.990910
1860 39.992180
1861 39.993450
1862 39.994720
1863 39.995991
1864 39.997261
1865 39.998531
1866 39.999802
1867 40.001072
1868 39.991547
1869 39.992817
1870 39.994087
1871 39.995358
1872 39.996628
1873 39.997898
1874 39.999168
1875 40.000439
1876 39.990913
1877 39.992184
1878 39.993454
1879 39.994724
1880 39.995995
1881 39.997265
1882 39.998535
1883 39.999805
1884 40.001076
1885 39.991550
1886 39.992821
1887 39.994091
1888 39.995361
1889 39.996632
1890 39.997902
1891 39.999172
1892 40.000443
1893 39.990917
1894 39.992188
1895 39.993458
1896 39.994728
1897 39.995998
1898 39.997269
1899 39.998539
1900 39.999809
1901 40.001080
1902 39.991554
1903 39.992825
1904 39.994095
1905 39.995365
1906 39.996635
1907 39.997906
1908 39.999176
1909 40.000446
1910 39.990921
1911 39.992191
1912 39.993462
1913 39.994732
1914 39.996002
1915 39.997272
1916 39.998543
1917 39.999813
1918 40.001083
1919 39.991558
1920 39.992828
1921 39.994099
1922 39.995369
1923 39.996639
1924 39.997910
1925 39.999180
1926 40.000450
1927 39.990925
1928 39.992195
1929 39.993465
1930 39.994736
1931 39.996006
1932 39.997276
1933 39.998547
1934 39.999817
1935 40.001087
1936 39.991562
1937 39.992832
1938 39.994102
1939 39.995373
1940 39.996643
1941 39.997913
1942 39.999184
1943 40.000454
1944 39.990929
1945 39.992199
1946 39.993469
1947 39.994740
1948 39.996010
1949 39.997280
1950 39.998550
1951 39.999821
1952 40.001091
1953 39.991566
1954 39.992836
1955 39.994106
1956 39.995377
1957 39.996647
1958 39.997917
1959 39.999187
1960 40.000458
1961 39.990932
1962 39.992203
1963 39.993473
1964 39.994743
1965 39.996014
1966 39.997284
1967 39.998554
1968 39.999825
1969 40.001095
1970 39.991570
1971 39.992840
1972 39.994110
1973 39.995380
1974 39.996651
1975 39.997921
1976 39.999191
1977 40.000462
1978 39.990936
1979 39.992207
1980 39.993477
1981 39.994747
1982 39.996017
1983 39.997288
1984 39.998558
1985 39.999828
1986 40.001099
1987 39.991573
1988 39.992844
1989 39.994114
1990 39.995384
1991 39.996655
1992 39.997925
1993 39.999195
1994 40.000465
1995 39.990940
1996 39.992210
1997 39.993481
1998 39.994751
1999 39.996021
2000 39.997292
2001 39.998562
2002 39.999832
2003 40.001102
2004 39.991577
2005 39.992847
2006 39.994118
2007 39.995388
2008 39.996658
2009 39.997929
2010 39.999199
2011 40.000469
2012 39.990944
2013 39.992214
2014 39.993484
2015 39.994755
2016 39.996025
2017 39.997295
2018 39.998566
2019 39.999836
2020 40.001106
2021 39.991581
2022 39.992851
2023 39.994122
2024 39.995392
2025 39.996662
2026 39.997932
2027 39.999203
2028 40.000473
2029 39.990948
2030 39.992218
2031 39.993488
2032 39.994759
2033 39.996029
2034 39.997299
2035 39.998569
2036 39.999840
2037 40.001110
2038 39.991585
2039 39.992855
2040 39.994125
2041 39.995396
2042 39.996666
2043 39.997936
2044 39.999207
2045 40.000477
2046 39.990952
2047 39.992222
2048 39.993492
2049 39.994762
2050 39.996033
2051 39.997303
2052 39.998573
2053 39.999844
2054 40.001114
2055 39.991589
2056 39.992859
2057 39.994129
2058 39.995399
2059 39.996670
2060 39.997940
2061 39.999210
2062 40.000481
2063 39.990955
2064 39.992226
2065 39.993496
2066 39.994766
2067 39.996037
2068 39.997307
2069 39.998577
2070 39.999847
2071 40.001118
2072 39.991592
2073 39.992863
2074 39.994133
2075 39.995403
2076 39.996674
2077 39.997944
2078 39.999214
2079 40.000484
2080 39.990959
2081 39.992229
2082 39.993500
2083 39.994770
2084 39.996040
2085 39.997311
2086 39.998581
2087 39.999851
2088 40.001122
2089 39.991596
2090 39.992867
2091 39.994137
2092 39.995407
2093 39.996677
2094 39.997948
2095 39.999218
2096 40.000488
2097 39.990963
2098 39.992233
2099 39.993504
2100 39.994774
2101 39.996044
2102 39.997314
2103 39.998585
2104 39.999855
2105 40.001125
2106 39.991600
2107 39.992870
2108 39.994141
2109 39.995411
2110 39.996681
2111 39.997952
2112 39.999222
2113 40.000492
2114 39.990967
2115 39.992237
2116 39.993507
2117 39.994778
2118 39.996048
2119 39.997318
2120 39.998589
2121 39.999859
2122 40.001129
2123 39.991604
2124 39.992874
2125 39.994144
2126 39.995415
2127 39.996685
2128 39.997955
2129 39.999226
2130 40.000496
2131 39.990971
2132 39.992241
2133 39.993511
2134 39.994781
2135 39.996052
2136 39.997322
2137 39.998592
2138 39.999863
2139 40.001133
2140 39.991608
2141 39.992878
2142 39.994148
2143 39.995419
2144 39.996689
2145 39.997959
2146 39.999229
2147 40.000500
2148 39.990974
2149 39.992245
2150 39.993515
2151 39.994785
2152 39.996056
2153 39.997326
2154 39.998596
2155 39.999866
2156 40.001137
2157 39.991611
2158 39.992882
2159 39.994152
2160 39.995422
2161 39.996693
2162 39.997963
2163 39.999233
2164 40.000504
2165 39.990978
2166 39.992249
2167 39.993519
2168 39.994789
2169 39.996059
2170 39.997330
2171 39.998600
2172 39.999870
2173 40.001141
2174 39.991615
2175 39.992886
2176 39.994156
2177 39.995426
2178 39.996696
2179 39.997967
2180 39.999237
2181 40.000507
2182 39.990982
2183 39.992252
2184 39.993523
2185 39.994793
2186 39.996063
2187 39.997334
2188 39.998604
2189 39.999874
2190 40.001144
2191 39.991619
2192 39.992889
2193 39.994160
2194 39.995430
2195 39.996700
2196 39.997971
2197 39.999241
2198 40.000511
2199 39.990986
2200 39.992256
2201 39.993526
2202 39.994797
2203 39.996067
2204 39.997337
2205 39.998608
2206 39.999878
2207 40.001148
2208 39.991623
2209 39.992893
2210 39.994164
2211 39.995434
2212 39.996704
2213 39.997974
2214 39.999245
2215 40.000515
2216 39.990990
2217 39.992260
2218 39.993530
2219 39.994801
2220 39.996071
2221 39.997341
2222 39.998611
2223 39.999882
2224 40.001152
2225 39.991627
2226 39.992897
2227 39.994167
2228 39.995438
2229 39.996708
2230 39.997978
2231 39.999249
2232 40.000519
2233 39.990993
2234 39.992264
2235 39.993534
2236 39.994804
2237 39.996075
2238 39.997345
2239 39.998615
2240 39.999886
2241 40.001156
2242 39.991631
2243 39.992901
2244 39.994171
2245 39.995441
2246 39.996712
2247 39.997982
2248 39.999252
2249 40.000523
2250 39.990997
2251 39.992268
2252 39.993538
2253 39.994808
2254 39.996078
2255 39.997349
2256 39.998619
2257 39.999889
2258 40.001160
2259 39.991634
2260 39.992905
2261 39.994175
2262 39.995445
2263 39.996716
2264 39.997986
2265 39.999256
2266 40.000526
2267 39.991001
2268 39.992271
2269 39.993542
2270 39.994812
2271 39.996082
2272 39.997353
2273 39.998623
2274 39.999893
2275 40.001163
2276 39.991638
2277 39.992908
2278 39.994179
2279 39.995449
2280 39.996719
2281 39.997990
2282 39.999260
2283 40.000530
2284 39.991005
2285 39.992275
2286 39.993546
2287 39.994816
2288 39.996086
2289 39.997356
2290 39.998627
2291 39.999897
2292 40.001167
2293 39.991642
2294 39.992912
2295 39.994183
2296 39.995453
2297 39.996723
2298 39.997993
2299 39.999264
2300 40.000534
2301 39.991009
2302 39.992279
2303 39.993549
2304 39.994820
2305 39.996090
2306 39.997360
2307 39.998631
2308 39.999901
2309 40.001171
2310 39.991646
2311 39.992916
2312 39.994186
2313 39.995457
2314 39.996727
2315 39.997997
2316 39.999268
2317 40.000538
2318 39.991013
2319 39.992283
2320 39.993553
2321 39.994823
2322 39.996094
2323 39.997364
2324 39.998634
2325 39.999905
2326 40.001175
2327 39.991650
2328 39.992920
2329 39.994190
2330 39.995461
2331 39.996731
2332 39.998001
2333 39.999271
2334 40.000542
2335 39.991016
2336 39.992287
2337 39.993557
2338 39.994827
2339 39.996098
2340 39.997368
2341 39.998638
2342 39.999908
2343 40.001179
2344 39.991653
2345 39.992924
2346 39.994194
2347 39.995464
2348 39.996735
2349 39.998005
2350 39.999275
2351 40.000546
2352 39.991020
2353 39.992290
2354 39.993561
2355 39.994831
2356 39.996101
2357 39.997372
2358 39.998642
2359 39.999912
2360 40.001183
2361 39.991657
2362 39.992928
2363 39.994198
2364 39.995468
2365 39.996738
2366 39.998009
2367 39.999279
2368 40.000549
2369 39.991024
2370 39.992294
2371 39.993565
2372 39.994835
2373 39.996105
2374 39.997375
2375 39.998646
2376 39.999916
2377 40.001186
2378 39.991661
2379 39.992931
2380 39.994202
2381 39.995472
2382 39.996742
2383 39.998013
2384 39.999283
2385 40.000553
2386 39.991028
2387 39.992298
2388 39.993568
2389 39.994839
2390 39.996109
2391 39.997379
2392 39.998650
2393 39.999920
2394 40.001190
2395 39.991665
2396 39.992935
2397 39.994205
2398 39.995476
2399 39.996746
2400 39.998016
2401 39.552971
2402 39.107937
2403 38.662914
2404 38.228699
2405 37.794495
2406 37.371094
2407 36.947708
2408 36.535126
2409 36.122555
2410 35.709995
2411 35.308243
2412 34.906502
2413 34.515568
2414 34.124645
2415 33.733734
2416 33.353630
2417 32.973537
2418 32.604252
2419 32.234978
2420 31.865715
2421 31.507257
2422 31.148813
2423 30.790380
2424 30.442753
2425 30.095139
2426 29.747536
2427 29.410738
2428 29.073952
2429 28.737179
2430 28.411211
2431 28.085255
2432 27.759312
2433 27.444174
2434 27.129047
2435 26.813934
2436 26.509626
2437 26.205330
2438 25.901045
2439 25.607567
2440 25.314100
2441 25.020645
2442 24.727203
2443 24.444567
2444 24.161942
2445 23.879330
2446 23.607523
2447 23.335728
2448 23.063946
2449 22.792175
2450 22.531210
2451 22.270256
2452 22.009315
2453 21.748386
2454 21.498262
2455 21.248152
2456 20.998053
2457 20.758759
2458 20.519476
2459 20.280207
2460 20.040949
2461 19.801702
2462 19.573263
2463 19.344835
2464 19.116419
2465 18.888016
2466 18.670418
2467 18.452831
2468 18.235256
2469 18.017694
2470 17.800144
2471 17.593399
2472 17.386667
2473 17.179947
2474 16.973238
2475 16.777336
2476 16.581446
2477 16.385567
2478 16.189699
2479 15.993845
2480 15.808796
2481 15.623759
2482 15.438734
2483 15.253721
2484 15.068721
2485 14.883732
2486 14.709549
2487 14.535378
2488 14.361218
2489 14.187071
2490 14.012936
2491 13.838813
2492 13.675495
2493 13.512190
2494 13.348896
2495 13.185615
2496 13.022346
2497 12.859088
2498 12.706636
2499 12.554196
2500 12.401769
2501 12.249353
2502 12.096950
2503 11.944558
2504 11.802972
2505 11.661398
2506 11.519836
2507 11.378286
2508 11.236749
2509 11.095222
2510 10.953709
2511 10.823000
2512 10.692304
2513 10.561620
2514 10.430947
2515 10.300287
2516 10.169639
2517 10.039002
2518 9.908379
2519 9.788560
2520 9.668754
2521 9.548959
2522 9.429176
2523 9.309405
2524 9.189647
2525 9.069901
2526 8.950166
2527 8.841237
2528 8.732320
2529 8.623415
2530 8.514523
2531 8.405642
2532 8.296773
2533 8.187916
2534 8.079071
2535 7.970238
2536 7.872211
2537 7.774196
2538 7.676192
2539 7.578201
2540 7.480222
2541 7.382255
2542 7.284299
2543 7.186356
2544 7.088425
2545 6.990505
2546 6.903392
2547 6.816290
2548 6.729201
2549 6.642123
2550 6.555058
2551 6.468004
2552 6.380962
2553 6.293932
2554 6.206915
2555 6.119909
2556 6.032916
2557 5.945934
2558 5.869758
2559 5.793593
2560 5.717442
2561 5.641302
2562 5.565174
2563 5.489058
2564 5.412953
2565 5.336861
2566 5.260781
2567 5.184713
2568 5.108657
2569 5.032613
2570 4.956581
2571 4.891354
2572 4.826139
2573 4.760937
2574 4.695746
2575 4.630568
2576 4.565402
2577 4.500247
2578 4.435104
2579 4.369974
2580 4.304855
2581 4.239748
2582 4.174654
2583 4.109571
2584 4.044500
2585 3.979442
2586 3.925189
2587 3.870947
2588 3.816718
2589 3.762501
2590 3.708296
2591 3.654103
2592 3.599922
2593 3.545753
2594 3.491595
2595 3.437450
2596 3.383317
2597 3.329195
2598 3.275086
2599 3.220989
2600 3.166903
2601 3.112830
2602 3.058769
2603 3.004719
2604 2.950682
2605 2.907450
2606 2.864230
2607 2.821023
2608 2.777827
2609 2.734643
2610 2.691471
2611 2.648311
2612 2.605163
2613 2.562027
2614 2.518903
2615 2.475791
2616 2.432691
2617 2.389603
2618 2.346527
2619 2.303463
2620 2.260411
2621 2.217370
2622 2.174342
2623 2.131326
2624 2.088322
2625 2.045329
2626 2.002349
2627 1.959381
2628 1.927218
2629 1.895067
2630 1.862928
2631 1.830801
2632 1.798687
2633 1.766584
2634 1.734493
2635 1.702414
2636 1.670347
2637 1.638292
2638 1.606249
2639 1.574218
2640 1.542198
2641 1.510191
2642 1.478196
2643 1.446213
2644 1.414242
2645 1.382282
2646 1.350335
2647 1.318400
2648 1.286476
2649 1.254565
2650 1.222665
2651 1.190778
2652 1.158902
2653 1.127039
2654 1.095187
2655 1.063347
2656 1.031520
2657 0.999704
2658 0.978694
2659 0.957696
2660 0.936710
2661 0.915735
2662 0.894773
2663 0.873823
2664 0.852884
2665 0.831958
2666 0.811043
2667 0.790141
2668 0.769250
2669 0.748372
2670 0.727505
2671 0.706650
2672 0.685808
2673 0.664977
2674 0.644158
2675 0.623351
2676 0.602556
2677 0.581773
2678 0.561002
2679 0.540243
2680 0.519496
2681 0.498761
2682 0.478038
2683 0.457327
2684 0.436628
2685 0.415940
2686 0.395265
2687 0.374602
2688 0.353950
2689 0.333311
2690 0.312683
2691 0.292067
2692 0.271464
2693 0.250872
2694 0.230292
2695 0.209724
2696 0.189169
2697 0.168625
2698 0.148093
2699 0.127573
2700 0.107065
2701 0.086568
2702 0.066084
2703 0.045612
2704 0.025152
2705 0.004703
2706 -0.015733
2707 -0.025364
2708 -0.034983
2709 -0.044590
2710 -0.054185
2711 -0.063768
2712 -0.073339
2713 -0.082898
2714 -0.092445
2715 -0.101980
2716 -0.111504
2717 -0.121015
2718 -0.130515
2719 -0.140002
2720 -0.149478
2721 -0.158941
2722 -0.168393
2723 -0.177833
2724 -0.187260
2725 -0.196676
2726 -0.206080
2727 -0.215472
2728 -0.224852
2729 -0.234220
2730 -0.243577
2731 -0.252921
2732 -0.262253
2733 -0.271574
2734 -0.280882
2735 -0.290178
2736 -0.299463
2737 -0.308736
2738 -0.317996
2739 -0.327245
2740 -0.336482
2741 -0.345707
2742 -0.354920
2743 -0.364121
2744 -0.373310
2745 -0.382487
2746 -0.391652
2747 -0.400806
2748 -0.409947
2749 -0.419076
2750 -0.428194
2751 -0.437299
2752 -0.446393
2753 -0.455475
2754 -0.464545
2755 -0.473602
2756 -0.482648
2757 -0.491682
2758 -0.500704
2759 -0.509715
2760 -0.518713
2761 -0.527699
2762 -0.536673
2763 -0.545636
2764 -0.554586
2765 -0.563525
2766 -0.572452
2767 -0.581366
2768 -0.590269
2769 -0.599160
2770 -0.608039
2771 -0.616906
2772 -0.625761
2773 -0.634604
2774 -0.643435
2775 -0.652255
2776 -0.661062
2777 -0.669858
2778 -0.678641
2779 -0.687413
2780 -0.696173
2781 -0.704921
2782 -0.713656
2783 -0.722380
2784 -0.731092
2785 -0.739793
2786 -0.748481
2787 -0.757157
2788 -0.765821
2789 -0.774474
2790 -0.783114
2791 -0.791743
2792 -0.800360
2793 -0.808964
2794 -0.817557
2795 -0.826138
2796 -0.834707
2797 -0.843264
2798 -0.851810
2799 -0.860343
2800 -0.868864
2801 -0.877374
2802 -0.885871
2803 -0.894357
2804 -0.902831
2805 -0.911292
2806 -0.919742
2807 -0.928180
2808 -0.936606
2809 -0.945021
2810 -0.953423
2811 -0.961813
2812 -0.970192
2813 -0.978558
2814 -0.986913
2815 -0.995255
2816 -1.003586
2817 -1.001111
2818 -0.998625
2819 -1.006920
2820 -1.004409
2821 -1.001887
2822 -0.999352
2823 -1.007600
2824 -1.005042
2825 -1.002472
2826 -0.999890
2827 -1.008090
2828 -1.005484
2829 -1.002866
2830 -1.000237
2831 -0.997595
2832 -1.005735
2833 -1.003070
2834 -1.000393
2835 -0.997704
2836 -1.005796
2837 -1.003084
2838 -1.000359
2839 -0.997622
2840 -1.005667
2841 -1.002907
2842 -1.000134
2843 -0.997350
2844 -1.005347
2845 -1.002539
2846 -0.999719
2847 -1.007681
2848 -1.004837
2849 -1.001981
2850 -0.999114
2851 -1.007028
2852 -1.004137
2853 -1.001233
2854 -0.998318
2855 -1.006185
2856 -1.003246
2857 -1.000295
2858 -0.997332
2859 -1.005151
2860 -1.002164
2861 -0.999166
2862 -1.006949
2863 -1.003927
2864 -1.000893
2865 -0.997847
2866 -1.005583
2867 -1.002513
2868 -0.999431
2869 -1.007131
2870 -1.004026
2871 -1.000908
2872 -0.997779
2873 -1.005431
2874 -1.002278
2875 -0.999113
2876 -1.006730
2877 -1.003541
2878 -1.000341
2879 -0.997128
2880 -1.004697
2881 -1.001461
2882 -0.998213
2883 -1.005747
2884 -1.002475
2885 -0.999191
2886 -1.006689
2887 -1.003381
2888 -1.000062
2889 -0.996730
2890 -1.004181
2891 -1.000825
2892 -0.997458
2893 -1.004873
2894 -1.001482
2895 -0.998080
2896 -1.005459
2897 -1.002032
2898 -0.998594
2899 -1.005937
2900 -1.002475
2901 -0.999001
2902 -1.006309
2903 -1.002811
2904 -0.999302
2905 -1.006574
2906 -1.003040
2907 -0.999495
2908 -1.006732
2909 -1.003163
2910 -0.999582
2911 -1.006782
2912 -1.003178
2913 -0.999561
2914 -1.006726
2915 -1.003086
2916 -0.999434
2917 -1.006563
2918 -1.002887
2919 -0.999200
2920 -1.006294
2921 -1.002582
2922 -0.998859
2923 -1.005917
2924 -1.002170
2925 -0.998411
2926 -1.005433
2927 -1.001650
2928 -0.997856
2929 -1.004843
2930 -1.001024
2931 -0.997194
2932 -1.004145
2933 -1.000291
2934 -0.996425
2935 -1.003341
2936 -0.999452
2937 -1.006344
2938 -1.002430
2939 -0.998505
2940 -1.005361
2941 -1.001412
2942 -0.997451
2943 -1.004272
2944 -1.000288
2945 -0.996291
2946 -1.003076
2947 -0.999056
2948 -1.005818
2949 -1.001774
2950 -0.997718
2951 -1.004444
2952 -1.000364
2953 -0.996273
2954 -1.002963
2955 -0.998848
2956 -1.005515
2957 -1.001376
2958 -0.997225
2959 -1.003856
2960 -0.999681
2961 -1.006289
2962 -1.002091
2963 -0.997881
2964 -1.004452
2965 -1.000218
2966 -0.995973
2967 -1.002509
2968 -0.998240
2969 -1.004752
2970 -1.000459
2971 -0.996154
2972 -1.002631
2973 -0.998302
2974 -1.004755
2975 -1.000403
2976 -0.996038
2977 -1.002456
2978 -0.998068
2979 -1.004462
2980 -1.000050
2981 -0.995627
2982 -1.001985
2983 -0.997537
2984 -1.003872
2985 -0.999401
2986 -1.005712
2987 -1.001217
2988 -0.996711
2989 -1.002986
2990 -0.998456
2991 -1.004707
2992 -1.000153
2993 -0.995587
2994 -1.001803
2995 -0.997214
2996 -1.003406
2997 -0.998793
2998 -1.004961
2999 -1.000325
3000 -0.995676
3001 -1.001809
3002 -0.997136
3003 -1.003246
3004 -0.998550
3005 -1.004635
3006 -0.999915
3007 -1.005977
3008 -1.001234
3009 -0.996478
3010 -1.002505
3011 -0.997726
3012 -1.003728
3013 -0.998926
3014 -1.004905
3015 -1.000078
3016 -0.995240
3017 -1.001183
3018 -0.996321
3019 -1.002241
3020 -0.997355
3021 -1.003251
3022 -0.998342
3023 -1.004214
3024 -0.999281
3025 -1.005130
3026 -1.000173
3027 -0.995205
3028 -1.001018
3029 -0.996026
3030 -1.001815
3031 -0.996799
3032 -1.002565
3033 -0.997525
3034 -1.003268
3035 -0.998204
3036 -1.003923
3037 -0.998836
3038 -1.004531
3039 -0.999420
3040 -1.005091
3041 -0.999957
3042 -1.005604
3043 -1.000446
3044 -0.995276
3045 -1.000888
3046 -0.995694
3047 -1.001283
3048 -0.996065
3049 -1.001630
3050 -0.996389
3051 -1.001930
3052 -0.996666
3053 -1.002183
3054 -0.996895
3055 -1.002388
3056 -0.997076
3057 -1.002546
3058 -0.997211
3059 -1.002657
3060 -0.997298
3061 -1.002720
3062 -0.997338
3063 -1.002737
3064 -0.997330
3065 -1.002705
3066 -0.997275
3067 -1.002627
3068 -0.997173
3069 -1.002501
3070 -0.997023
3071 -1.002328
3072 -0.996827
3073 -1.002107
3074 -0.996582
3075 -1.001839
3076 -0.996291
3077 -1.001524
3078 -0.995952
3079 -1.001162
3080 -0.995566
3081 -1.000752
3082 -0.995133
3083 -1.000295
3084 -0.994652
3085 -0.999791
3086 -1.004918
3087 -0.999239
3088 -1.004343
3089 -0.998640
3090 -1.003720
3091 -0.997994
3092 -1.003050
3093 -0.997301
3094 -1.002333
3095 -0.996560
3096 -1.001569
3097 -0.995772
3098 -1.000757
3099 -0.994937
3100 -0.999898
3101 -1.004848
3102 -0.998992
3103 -1.003918
3104 -0.998038
3105 -1.002941
3106 -0.997038
3107 -1.001917
3108 -0.995990
3109 -1.000845
3110 -0.994895
3111 -0.999726
3112 -1.004546
3113 -0.998560
3114 -1.003356
3115 -0.997346
3116 -1.002119
3117 -0.996086
3118 -1.000835
3119 -0.994778
3120 -0.999503
3121 -1.004216
3122 -0.998124
3123 -1.002814
3124 -0.996698
3125 -1.001364
3126 -0.995225
3127 -0.999868
3128 -1.004498
3129 -0.998323
3130 -1.002931
3131 -0.996732
3132 -1.001316
3133 -0.995094
3134 -0.999653
3135 -1.004201
3136 -0.997944
3137 -1.002468
3138 -0.996187
3139 -1.000688
3140 -0.994383
3141 -0.998861
3142 -1.003326
3143 -0.996986
3144 -1.001428
3145 -0.995064
3146 -0.999482
3147 -1.003888
3148 -0.997489
3149 -1.001872
3150 -0.995449
3151 -0.999809
3152 -1.004156
3153 -0.997698
3154 -1.002022
3155 -0.995540
3156 -0.999840
3157 -1.004128
3158 -0.997611
3159 -1.001876
3160 -0.995335
3161 -0.999576
3162 -1.003806
3163 -0.997230
3164 -1.001435
3165 -0.994836
3166 -0.999018
3167 -1.003188
3168 -0.996553
3169 -1.000700
3170 -0.994041
3171 -0.998164
3172 -1.002276
3173 -0.995582
3174 -0.999669
3175 -1.003745
3176 -0.997016
3177 -1.001068
3178 -0.994315
3179 -0.998344
3180 -1.002361
3181 -0.995572
3182 -0.999566
3183 -1.003547
3184 -0.996724
3185 -1.000682
3186 -0.993834
3187 -0.997769
3188 -1.001691
3189 -0.994809
3190 -0.998708
3191 -1.002595
3192 -0.995677
3193 -0.999541
3194 -1.003392
3195 -0.996439
3196 -1.000267
3197 -0.993290
3198 -0.997095
3199 -1.000888
3200 -0.993876
3201 -0.997645
3202 -1.001403
3203 -0.994355
3204 -0.998089
3205 -1.001811
3206 -0.994728
3207 -0.998427
3208 -1.002114
3209 -0.994995
3210 -0.998658
3211 -1.002310
3212 -0.995156
3213 -0.998784
3214 -1.002400
3215 -0.995211
3216 -0.998804
3217 -1.002385
3218 -0.995160
3219 -0.998718
3220 -1.002263
3221 -0.995003
3222 -0.998525
3223 -1.002035
3224 -0.994740
3225 -0.998227
3226 -1.001702
3227 -0.994371
3228 -0.997822
3229 -1.001262
3230 -0.993896
3231 -0.997312
3232 -1.000716
3233 -0.993315
3234 -0.996696
3235 -1.000064
3236 -0.992628
3237 -0.995973
3238 -0.999307
3239 -1.002628
3240 -0.995145
3241 -0.998443
3242 -1.001729
3243 -0.994211
3244 -0.997473
3245 -1.000725
3246 -0.993170
3247 -0.996398
3248 -0.999614
3249 -1.002818
3250 -0.995216
3251 -0.998397
3252 -1.001565
3253 -0.993929
3254 -0.997074
3255 -1.000207
3256 -0.992535
3257 -0.995645
3258 -0.998743
3259 -1.001830
3260 -0.994111
3261 -0.997173
3262 -1.000224
3263 -0.992470
3264 -0.995498
3265 -0.998513
3266 -1.001517
3267 -0.993716
3268 -0.996696
3269 -0.999665
3270 -1.002622
3271 -0.994773
3272 -0.997707
3273 -1.000628
3274 -0.992745
3275 -0.995643
3276 -0.998529
3277 -1.001404
3278 -0.993473
3279 -0.996324
3280 -0.999163
3281 -1.001991
3282 -0.994013
3283 -0.996817
3284 -0.999609
3285 -1.002389
3286 -0.994365
3287 -0.997121
3288 -0.999867
3289 -1.002600
3290 -0.994528
3291 -0.997238
3292 -0.999936
3293 -1.002623
3294 -0.994504
3295 -0.997167
3296 -0.999818
3297 -1.002457
3298 -0.994291
3299 -0.996907
3300 -0.999511
3301 -1.002103
3302 -0.993890
3303 -0.996459
3304 -0.999016
3305 -1.001562
3306 -0.993302
3307 -0.995824
3308 -0.998334
3309 -1.000832
3310 -0.992525
3311 -0.995000
3312 -0.997463
3313 -0.999914
3314 -1.002354
3315 -0.993988
3316 -0.996404
3317 -0.998808
3318 -1.001201
3319 -0.992788
3320 -0.995157
3321 -0.997515
3322 -0.999860
3323 -1.002194
3324 -0.993723
3325 -0.996033
3326 -0.998332
3327 -1.000618
3328 -0.992100
3329 -0.994363
3330 -0.996615
3331 -0.998855
3332 -1.001083
3333 -0.992506
3334 -0.994710
3335 -0.996903
3336 -0.999085
3337 -1.001254
3338 -0.992618
3339 -0.994764
3340 -0.996898
3341 -0.999021
3342 -1.001131
3343 -0.992437
3344 -0.994524
3345 -0.996599
3346 -0.998663
3347 -1.000715
3348 -0.991962
3349 -0.993990
3350 -0.996007
3351 -0.998012
3352 -1.000005
3353 -0.991193
3354 -0.993163
3355 -0.995121
3356 -0.997068
3357 -0.999002
3358 -1.000925
3359 -0.992043
3360 -0.993942
3361 -0.995830
3362 -0.997706
3363 -0.999570
3364 -1.001422
3365 -0.992469
3366 -0.994298
3367 -0.996116
3368 -0.997921
3369 -0.999715
3370 -1.001497
3371 -0.992474
3372 -0.994232
3373 -0.995979
3374 -0.997715
3375 -0.999438
3376 -1.001150
3377 -0.992056
3378 -0.993744
3379 -0.995421
3380 -0.997085
3381 -0.998738
3382 -1.000380
3383 -0.991216
3384 -0.992834
3385 -0.994440
3386 -0.996034
3387 -0.997617
3388 -0.999188
3389 -1.000747
3390 -0.991501
3391 -0.993036
3392 -0.994560
3393 -0.996073
3394 -0.997573
3395 -0.999062
3396 -1.000539
3397 -0.991211
3398 -0.992665
3399 -0.994107
3400 -0.995537
3401 -0.996956
3402 -0.998362
3403 -0.999757
3404 -1.001141
3405 -0.991719
3406 -0.993079
3407 -0.994427
3408 -0.995763
3409 -0.997088
3410 -0.998401
3411 -0.999702
3412 -1.000992
3413 -0.991476
3414 -0.992742
3415 -0.993997
3416 -0.995239
3417 -0.996470
3418 -0.997690
3419 -0.998897
3420 -1.000093
3421 -0.990483
3422 -0.991656
3423 -0.992817
3424 -0.993966
3425 -0.995103
3426 -0.996228
3427 -0.997342
3428 -0.998444
3429 -0.999535
3430 -1.000613
3431 -0.990887
3432 -0.991942
3433 -0.992985
3434 -0.994017
3435 -0.995037
3436 -0.996046
3437 -0.997042
3438 -0.998027
3439 -0.999001
3440 -0.999962
3441 -1.000912
3442 -0.991057
3443 -0.991983
3444 -0.992898
3445 -0.993801
3446 -0.994692
3447 -0.995572
3448 -0.996440
3449 -0.997296
3450 -0.998140
3451 -0.998973
3452 -0.999794
3453 -1.000603
3454 -0.990607
3455 -0.991393
3456 -0.992168
3457 -0.992930
3458 -0.993681
3459 -0.994420
3460 -0.995147
3461 -0.995863
3462 -0.996567
3463 -0.997259
3464 -0.997940
3465 -0.998609
3466 -0.999266
3467 -0.999912
3468 -1.000546
3469 -0.990374
3470 -0.990984
3471 -0.991583
3472 -0.992170
3473 -0.992745
3474 -0.993309
3475 -0.993861
3476 -0.994401
3477 -0.994929
3478 -0.995446
3479 -0.995951
3480 -0.996445
3481 -0.996926
3482 -0.997396
3483 -0.997855
3484 -0.998301
3485 -0.998736
3486 -0.999160
3487 -0.999571
3488 -0.999971
3489 -1.000359
3490 -0.989942
3491 -0.990306
3492 -0.990659
3493 -0.991001
3494 -0.991331
3495 -0.991648
3496 -0.991955
3497 -0.992249
3498 -0.992532
3499 -0.992803
3500 -0.993063
3501 -0.993311
3502 -0.993547
3503 -0.993771
3504 -0.993984
3505 -0.994185
3506 -0.994374
3507 -0.994552
3508 -0.994718
3509 -0.994872
3510 -0.995015
3511 -0.995146
3512 -0.995265
3513 -0.995373
3514 -0.995468
3515 -0.995553
3516 -0.995625
3517 -0.995686
3518 -0.995735
3519 -0.995772
3520 -0.995798
3521 -0.995812
3522 -0.995815
3523 -0.995805
3524 -0.995784
3525 -0.995752
3526 -0.995707
3527 -0.995651
3528 -0.995584
3529 -0.995504
3530 -0.995413
3531 -0.995310
3532 -0.995196
3533 -0.995070
3534 -0.994932
3535 -0.994782
3536 -0.994621
3537 -0.994448
3538 -0.994264
3539 -0.994068
3540 -0.993860
3541 -0.993640
3542 -0.993409
3543 -0.993166
3544 -0.992911
3545 -0.992645
3546 -0.992367
3547 -0.992077
3548 -0.991776
3549 -0.991463
3550 -0.991138
3551 -0.990802
3552 -0.990454
3553 -0.990094
3554 -0.989723
3555 -0.989340
3556 -0.988945
3557 -0.988539
3558 -0.988120
3559 -0.987691
3560 -0.987249
3561 -0.986796
3562 -0.986331
3563 -0.985855
3564 -0.985367
3565 -0.984867
3566 -0.984356
3567 -0.983832
3568 -0.983298
3569 -0.982751
3570 -0.982193
3571 -0.981623
3572 -0.981042
3573 -0.980449
3574 -0.979844
3575 -0.979227
3576 -0.978599
3577 -0.977959
3578 -0.977308
3579 -0.976645
3580 -0.975970
3581 -0.975284
3582 -0.974585
3583 -0.973876
3584 -0.973154
3585 -0.972421
3586 -0.971676
3587 -0.970920
3588 -0.970151
3589 -0.969372
3590 -0.968580
3591 -0.967777
3592 -0.966962
3593 -0.966136
3594 -0.965298
3595 -0.964448
3596 -0.963587
3597 -0.962713
3598 -0.961829
3599 -0.960932
